674660
576693
603430
693622
777561
832403
519564
600491
400964
797718
361976
225722
845510
757052
871650
515078
412063
135681
754289
806038
521324
834020
894022
131474
895998
386831
838435
92584
628531
378582
711320
682990
86204
499427
418623
624501
754166
683108
454004
483954
215913
40785
898478
411951
963177
146748
899546
924496
368924
475233
529643
674247
920113
440994
160379
156659
129343
725435
326517
52973
611303
671273
182518
419190
725999
687562
631626
322429
149058
44900
367459
257700
164096
186970
877467
756117
893201
949316
249498
722168
56535
249036
400854
231259
785315
81009
993250
800857
319140
555546
481002
413988
791859
276392
523638
861532
284240
725827
276887
546587
